1.150545663897789561e-01 4.940119728897024443e-01 3.909334607205185996e-01
1.333909641859882811e-01 1.071986557793604966e-01 7.594103800346512223e-01
3.271390558111397784e-01 5.319984351374579257e-01 1.408625090514022959e-01
5.411622122834037762e-01 1.249280008146219645e-01 3.339097869019742593e-01
2.901382442436040154e-02 7.047344718559225285e-01 2.662517037197170700e-01
3.949500184310058559e-01 4.070971001976606551e-01 1.979528813713334889e-01
5.688493665115179621e-02 1.975361892087275084e-01 7.455788741401206954e-01
2.210289958843713043e-01 6.456196450148289356e-01 1.333513591007997601e-01
3.160964710182087023e-01 8.889297702905096799e-02 5.950105519527403297e-01
7.666269999644725885e-02 7.665619942332573267e-01 1.567753057702954145e-01
8.489391477448614554e-01 1.225259436905264954e-01 2.853490856461204928e-02
3.853769143951381038e-01 5.691112107135271048e-01 4.551187489133479147e-02
4.457583608397188701e-01 2.239662908820888587e-01 3.302753482781922711e-01
8.250004969715540870e-02 8.145985302843788967e-01 1.029014200184656946e-01
2.623048225963814373e-01 3.569867809238125300e-02 7.019964993112373097e-01
5.129549064456950802e-03 5.380729662159490223e-01 4.567974847195940269e-01
4.755963670072531624e-01 1.607773105642694711e-01 3.636263224284773665e-01
9.086627578310877418e-01 6.954137625091838526e-02 2.179586591799387296e-02
5.252556711071454387e-01 3.848974046730111453e-01 8.984692421984341593e-02
1.040189498547628988e-01 7.689564540313809093e-02 8.190854047420990103e-01
4.119529833863586621e-01 5.410872376003829087e-01 4.695977901325842918e-02
6.721772794761761149e-01 1.928398411310056071e-01 1.349828793928182780e-01
2.755587766489521195e-01 3.532270192332090941e-01 3.712142041178387863e-01
2.068913713433652157e-01 6.898558983974973913e-01 1.032527302591373930e-01
4.044052430754075944e-01 5.891672493186959070e-01 6.427507605896498610e-03
4.450614124896826729e-01 2.906656690174380664e-01 2.642729184928792607e-01
4.112554890866352286e-01 1.494076803570997258e-01 4.393368305562650455e-01
3.991968859040747608e-01 3.277911060639137064e-01 2.730120080320115328e-01
6.701451647023818348e-01 3.457044317815960444e-02 2.952843921194585608e-01
5.400344641816560154e-01 6.952540707738974479e-02 3.904401287409542398e-01
1.991614766227018940e-01 6.920374290599884404e-03 7.939181490866982216e-01
2.903327777707566115e-01 5.054060870452875553e-01 2.042611351839558331e-01
2.996167758070248377e-01 3.563460520168290069e-01 3.440371721761461554e-01
1.444783784228287349e-01 2.594782885576407683e-01 5.960433330195304968e-01
2.433980162809622483e-01 6.687151056362750090e-02 6.897304731554102508e-01
2.453432529633597925e-01 3.427607896950163324e-01 4.118959573416238751e-01
7.201466478542228877e-01 2.762396393864019473e-02 2.522293882071369175e-01
1.027427785732116794e-01 5.925180883818812472e-01 3.047391330449070734e-01
5.033396328927818297e-01 4.403027952915092857e-01 5.635757181570888452e-02
1.985798844363139137e-01 7.010937349310988331e-01 1.003263806325872531e-01
5.944491868184307304e-01 3.709593948588325585e-01 3.459141832273671113e-02
2.416862498054461739e-02 9.745296209161423695e-01 1.301754103313013111e-03
2.914226896736079597e-01 1.898806437817086579e-01 5.186966665446833824e-01
6.372056831731454096e-02 5.059038306257443995e-01 4.303756010569410595e-01
5.083284699214041247e-03 6.061943049708076181e-01 3.887224103299783406e-01
8.701814770345894789e-01 1.341998793929977118e-02 1.163985350261107499e-01
7.398638198034741542e-01 2.144556633925641664e-01 4.568051680396167935e-02
1.847129575490887854e-01 2.499653635377164784e-01 5.653216789131947362e-01
2.550462803347964824e-01 6.308532152130769122e-01 1.141005044521266054e-01
4.433126947289840469e-01 1.736242810919110813e-01 3.830630241791048718e-01
1.033525108781544466e-01 3.867571501909080611e-01 5.098903389309374923e-01
4.470440243574691497e-02 2.669230668734038359e-01 6.883725306908492492e-01
7.154990865280647094e-01 3.654059983796031919e-02 2.479603136339749714e-01
7.768953667087694637e-01 1.646588770495475140e-01 5.844575624168302230e-02
2.152285149871862036e-01 6.897426656460643457e-01 9.502881936674945074e-02
5.522641470114035833e-01 2.926337405654526602e-01 1.551021124231437565e-01
8.289612789391418435e-01 9.352820483389867601e-02 7.751051622695948051e-02
3.941979979597263206e-01 2.039901386224003410e-01 4.018118634178733384e-01
4.326980795636001798e-01 2.614490561833506810e-01 3.058528642530491393e-01
1.282603415760732446e-01 3.564261480275532357e-01 5.153135103963735197e-01
2.047062161706552086e-01 4.396642804431584173e-01 3.556295033861863741e-01
1.056172064025826529e-01 6.393399191296469386e-01 2.550428744677704085e-01
7.309493723924753716e-03 3.271794978290075706e-01 6.655110084470676757e-01
7.009756894333043498e-01 2.682798143977515037e-01 3.074449616894414650e-02
1.207521705157874603e-01 2.929333642175488972e-01 5.863144652666636425e-01
6.036354435155366627e-02 6.658481294092214453e-01 2.737883262392248884e-01
1.602591793211893823e-02 8.894250663813546565e-01 9.454901568652640531e-02
5.841408307135868005e-01 1.444632194949646564e-01 2.713959497914485430e-01
2.921975442760081920e-01 2.306000720512354496e-01 4.772023836727563584e-01
5.963269801768656952e-01 2.185249060737519677e-01 1.851481137493823370e-01
7.755780549497093279e-02 3.009975339565988950e-01 6.214446605484301722e-01
4.681939060699251698e-01 1.871227016216114869e-02 5.130938237679136815e-01
7.013593446323718172e-02 1.113988222661134175e-01 8.184652432706494007e-01
3.318517348312780557e-01 1.765491973151284144e-01 4.915990678535935299e-01
9.465689421443623797e-02 1.198409261324782094e-01 7.855021796530855527e-01
3.551124704007644350e-01 4.828180582689525213e-01 1.620694713302830436e-01
2.596226923194500102e-02 8.008228029904681522e-01 1.732149277775868468e-01
2.239577153353100591e-03 9.221781741610134420e-01 7.558224868563345744e-02
6.739332510076218030e-01 3.208813290985865763e-01 5.185419893791620716e-03
1.591374965539813502e-01 3.203675248866865166e-01 5.204949785593321332e-01
1.660701735444968241e-01 7.862128792338993755e-01 4.771694722160380042e-02
3.692853070430535123e-01 5.652746768272212119e-01 6.544001612972527582e-02
8.164113622514768132e-02 3.723209783887344582e-01 5.460378853861178605e-01
3.194050602856374210e-01 5.678855313748659706e-01 1.127094083394966084e-01
9.626579377157111761e-01 3.471466263277733777e-02 2.627399651511486134e-03
3.212915884340131756e-01 1.647239356258580756e-01 5.139844759401287488e-01
9.734389980818435317e-01 2.527953822704209763e-02 1.281463691114370640e-03
4.474569544182738223e-02 4.004674046904165285e-01 5.547868998677560892e-01
4.470611234974133374e-01 2.631136762996428846e-01 2.898252002029437779e-01
6.260713276300421404e-01 4.457844258120857717e-02 3.293502297887492825e-01
6.619712408858358099e-01 3.099476189608565413e-01 2.808114015330764879e-02
9.145020235766321282e-02 4.982808078519646022e-01 4.102689897903721850e-01
2.115810064062675355e-01 5.834946285932959276e-01 2.049243650004365369e-01
3.503059822278524749e-01 1.521304954153038791e-01 4.975635223568436460e-01
1.716276759179384825e-01 5.319114702136534811e-01 2.964608538684080363e-01
1.600346107390583361e-01 4.410248303931295633e-01 3.989405588678121006e-01
3.327016284925181644e-01 4.938767728530732981e-01 1.734215986544085375e-01
5.466971866165930560e-01 2.840134180257450902e-01 1.692893953576618538e-01
3.275349776987573902e-01 6.415320844410161705e-01 3.093293786022643932e-02
8.837381961170587275e-02 8.751153041678747524e-01 3.651087622041937486e-02
9.190770870559952233e-01 7.022635662946330459e-02 1.069655631454147215e-02
4.936927425283941240e-01 3.567929475249380644e-01 1.495143099466678116e-01
4.686165581275846259e-01 9.033624797301853526e-02 4.410471938993968388e-01
1.069022048804679770e-01 7.918348864811872723e-01 1.012629086383447508e-01
6.151472074885722119e-01 3.768986069205675360e-01 7.954185590860252120e-03
3.547348517966123493e-01 3.378415456888126389e-01 3.074236025145750117e-01
4.616805770857079771e-02 1.272953020562525017e-01 8.265366402351767006e-01
3.267897050247824398e-01 2.900472128770992253e-02 6.442055736875076377e-01
4.793872100917948575e-01 1.795909147110889004e-01 3.410218751971162421e-01
8.594221175006189206e-02 2.105034001015322342e-01 7.035543881484058737e-01
2.034231358216800345e-01 4.487366014312799134e-01 3.478402627470400521e-01
5.771563694291081958e-01 1.046457669860848538e-01 3.181978635848069503e-01
2.226974834023565109e-02 1.946602228816353142e-01 7.830700287781290347e-01
3.897417391475943571e-02 4.177396157122972298e-01 5.432862103729433345e-01
5.391571858835078057e-01 3.384529116772846402e-01 1.223899024392075541e-01
5.254932831670179327e-01 1.873299254186677754e-02 4.557737242911152897e-01
5.164189777793826153e-01 3.699333817442740369e-01 1.136476404763433479e-01
4.101943985665063019e-01 4.093274083382102413e-01 1.804781930952834568e-01
5.941809916399295455e-01 2.380360127230323197e-01 1.677829956370381348e-01
1.984166787357297679e-01 5.768876003767099414e-01 2.246957208875602907e-01
5.431306395287882616e-03 4.731503713813134393e-02 9.472536564665807735e-01
2.519734488481998325e-01 3.291764693809096087e-01 4.188500817708905588e-01
4.401325478638207223e-02 2.201586825976965534e-01 7.358280626159213744e-01
5.574485338244116184e-01 3.393723329805974354e-01 1.031791331949909463e-01
2.360219318437106750e-02 5.490521843636290145e-01 4.273456224519999180e-01
7.030107802654859128e-01 1.174478965910552564e-02 2.852444300754085615e-01
4.250691522964457070e-01 2.096300432937758806e-02 5.539678433741767050e-01
2.766929799332701334e-01 6.677265625050355924e-01 5.558045756169427420e-02
7.894579079128150045e-01 2.024403245752223190e-01 8.101767511962676416e-03
4.074285346584416434e-01 5.004791498458612820e-01 9.209231549569707465e-02
4.367643858478628127e-01 1.868009937177401714e-01 3.764346204343970159e-01
3.258612372406155533e-02 2.917017416257399187e-01 6.757121346501985260e-01
1.644171604720621183e-01 3.918844383646759022e-01 4.436984011632619795e-01
5.370449041635610987e-01 4.347647914035199790e-01 2.819030443291892229e-02
5.316075639770653227e-01 1.358634207182022324e-01 3.325290153047324448e-01
2.712645315363219067e-01 1.217087879555034391e-01 6.070266805081746542e-01
7.022879894549427515e-02 3.736198758383559859e-01 5.561513252161497389e-01
6.259572079291453317e-02 1.362167002355982870e-01 8.011875789714871798e-01
1.404806285823797518e-01 6.528338681760756934e-01 2.066855032415445548e-01
1.825354764212008263e-01 7.106248980717886354e-01 1.068396255070105383e-01
8.109023491462804545e-01 6.592793350200354396e-02 1.231697173517160016e-01
8.865909730762511209e-03 6.085851665206966077e-01 3.825489237485408811e-01
8.098135903487484466e-01 1.181494733269632391e-01 7.203693632428831428e-02
5.830705315664364008e-01 2.004308192227297614e-01 2.164986492108338378e-01
5.046790159045362323e-01 7.401700896279483910e-02 4.213039751326689286e-01
2.356536472419555883e-01 1.924994529802633858e-01 5.718468997777810259e-01
2.824408442832903043e-01 3.676582180670283639e-01 3.499009376496813317e-01
4.385033012820498399e-01 5.063992933458475454e-01 5.509740537210261468e-02
1.068902960749319453e-01 2.937349770957171646e-01 5.993747268293508901e-01
1.028001407007034240e-01 6.920277527638000192e-01 2.051721065354965567e-01
3.508994014535081751e-01 2.026900726510728612e-01 4.464105258954189637e-01
3.284006929261069629e-01 2.001233782538270889e-01 4.714759288200659482e-01
7.660902741195174670e-02 8.181150515004823598e-01 1.052759210875658935e-01
4.259948175048255958e-01 5.575802519486621200e-01 1.642493054651228412e-02
4.214131202211519600e-01 2.838072313374836453e-01 2.947796484413643947e-01
7.632993604728555148e-01 3.425883728532419514e-02 2.024418022418202900e-01
4.342365441727358277e-02 2.645555441753829617e-01 6.920208014073434555e-01
7.037824215571889530e-01 2.915738770359262988e-01 4.643701406884748195e-03
6.512462045495229779e-01 7.113942659456551354e-02 2.776143688559115086e-01
5.202584378358998674e-02 1.346587916538710683e-02 9.345082770510229064e-01
4.898642157815582543e-01 3.160788643219204497e-01 1.940569198965212960e-01
5.820545100470595479e-01 3.970632855265865402e-01 2.088220442635391194e-02
9.338953694699603236e-02 2.565355793073704760e-01 6.500748837456334916e-01
6.557637614625926314e-01 2.871467112266423705e-01 5.708952731076499809e-02
4.334470346712633315e-01 5.279782972794908602e-01 3.857466804924580828e-02
1.641371940990126177e-01 5.906879303418229865e-01 2.451748755591643958e-01
1.435790168586136284e-01 5.119342688600920788e-01 3.444867142812942928e-01
8.105138894799103211e-01 1.692265073756451521e-01 2.025960314444452681e-02
7.160104875976345262e-01 5.373026155856719388e-02 2.302592508437982799e-01
1.629158792656892896e-01 3.258321340075603922e-01 5.112519867267503182e-01
1.893565078535617285e-01 4.218009969724286767e-01 3.888424951740095947e-01
5.397014543564404576e-02 2.075824040335706444e-01 7.384474505307853098e-01
4.126169124479905914e-02 8.463559575365248167e-01 1.123823512186761242e-01
9.395936115328518135e-02 1.942232590584823670e-01 7.118173797882324516e-01
2.520219899181025403e-01 4.288199603641763558e-01 3.191580497177211040e-01
2.958190638646808202e-01 1.990359092945683805e-01 5.051450268407507993e-01
7.214746393941606772e-01 1.600852561171515198e-01 1.184401044886878029e-01
1.975222711039119616e-01 4.220899067423581341e-01 3.803878221537299043e-01
1.350935812772675604e-01 1.627378196842227398e-01 7.021685990385096998e-01
3.639500154548505062e-01 4.545982923241331797e-02 5.905901553127361758e-01
5.045270255823774974e-02 8.847756955192095374e-01 6.477160192255271287e-02
6.253613021669101046e-01 1.836258914539349307e-01 1.910128063791549646e-01
2.622295358535364773e-01 5.567496668013448557e-01 1.810207973451186669e-01
1.789757943467651380e-02 6.161257879935799764e-02 9.204898417659654886e-01
8.036256279633868793e-02 8.894651397419861549e-02 8.306909232294626966e-01
1.738501002000656381e-01 5.197090891590907535e-01 3.064408106408436083e-01
3.174495147393407990e-02 6.382255133113691192e-01 3.300295352146968009e-01
5.638471395152475640e-01 3.662940491547714839e-01 6.985881132998095211e-02
4.302216848437867558e-01 1.430787779675757321e-01 4.266995371886375121e-01
1.498250464172098395e-01 4.871879683575872644e-01 3.629869852252028961e-01
3.007550980618067804e-01 8.629672240547581197e-02 6.129481795327174076e-01
1.160727398747161132e-01 1.857507329001129026e-01 6.981765272251709842e-01
1.697153253973724407e-01 1.763009034089879634e-01 6.539837711936395959e-01
1.892540282382439987e-01 4.753891842492092845e-01 3.353567875125467168e-01
7.576509266218073302e-01 6.690628023179234773e-02 1.754427931464003221e-01
2.436643671552717327e-01 1.758057307025631122e-01 5.805299021421651551e-01
5.691102433148206297e-01 3.290455945392429804e-01 1.018441621459363899e-01
6.929495453196173882e-01 4.841752798592924290e-02 2.586329266944533689e-01
1.763268615390352068e-01 1.983807436933268109e-01 6.252923947676379823e-01
1.706851169773214716e-01 8.225675818636229986e-01 6.747301159055529851e-03
1.640315877838709469e-01 6.786405411451584824e-01 1.573278710709705708e-01
5.628000156635282192e-01 2.153038137428386900e-01 2.218961705936330908e-01
9.128311394611506868e-01 2.937252360536324325e-03 8.423160817831298885e-02
1.605638414629836364e-01 6.917020876864627965e-01 1.477340708505535671e-01
3.287612101228927219e-01 1.601727239282082493e-01 5.110660659488990287e-01
1.006770207377660764e-01 2.942448241643434992e-01 6.050781550978904244e-01
2.912660680024744542e-01 5.567239475689660377e-01 1.520099844285595081e-01
3.173224511187748842e-01 4.595172025146470052e-01 2.231603463665781106e-01
3.403115610398974589e-01 4.735512825091973133e-01 1.861371564509052279e-01
1.173081302677051463e-01 6.548161417393568717e-01 2.278757279929379820e-01
2.680833650407873359e-01 9.629584720646833240e-02 6.356207877527443317e-01
3.075699332831057786e-01 2.845508809632915082e-01 4.078791857536027132e-01
6.439071589877863877e-01 7.213652076378695988e-02 2.839563202484266524e-01
3.196964179443482212e-01 5.732562393468408901e-01 1.070473427088108886e-01
9.318808937909158763e-01 5.394570647506691241e-02 1.417339973401721132e-02
3.694125658345954744e-01 1.987423743193793557e-01 4.318450598460251699e-01
8.061192422326116658e-01 1.537449523755332059e-01 4.013580539185512830e-02
5.642773470366895250e-01 1.148809700167372494e-01 3.208416829465732256e-01
2.939716573968018665e-01 5.417245419612961577e-01 1.643038006419019759e-01
1.199306559112535142e-01 3.999185831149743020e-01 4.801507609737721838e-01
1.940244872705448875e-01 2.534436729764709684e-01 5.525318397529841441e-01
4.054467269200590085e-01 9.532580110257604655e-02 4.992274719773649450e-01
4.913255856623297557e-01 6.533480181330719727e-02 4.433396125243630470e-01
5.062257124072760961e-01 3.222849580589045582e-01 1.714893295338193457e-01
5.344547015935507961e-02 9.019744568907114290e-01 4.458007294993349134e-02
3.618577594687688581e-02 7.954510175040074849e-02 8.842691223027223657e-01
8.611293017605196054e-01 9.934411954477873063e-02 3.952657869470166396e-02
9.593564557885400079e-01 3.550346497456069450e-02 5.140079236899297577e-03
5.486828141412961601e-01 3.645685345902083263e-02 4.148603323996830072e-01
1.188870190906505808e-01 1.414420459151741749e-01 7.396709349941752443e-01
6.869635866783982969e-01 1.212154851086569840e-01 1.918209282129447191e-01
2.018194252087605056e-01 6.881157104039316019e-01 1.100648643873078925e-01
1.951174062776490636e-01 3.239170449007546804e-01 4.809655488215962560e-01
1.164926338921878912e-01 3.841899519751078573e-01 4.993174141327042515e-01
6.007901779854494251e-01 2.174637422003600218e-01 1.817460798141905531e-01
2.407697948551776879e-01 3.174436848690306290e-01 4.417865202757916832e-01
1.723470368769423056e-01 6.202874856303206563e-01 2.073654774927370381e-01
2.976312708984156785e-01 6.721378049739967775e-01 3.023092412758754399e-02
3.964031251129503941e-01 1.740038531086268714e-01 4.295930217784227345e-01
1.406191306101212124e-02 5.612035524135892128e-01 4.247345345253986659e-01
6.117567310728464491e-01 1.862781033072784531e-01 2.019651656198750977e-01
9.105603246882842949e-01 3.795303938978089597e-02 5.148663592193480909e-02
7.951993947787416861e-02 7.314199690604156201e-01 1.890600914617102113e-01
7.412727068790910812e-01 2.390535553944220792e-01 1.967373772648683961e-02
3.828310626272156680e-01 3.434735560861380543e-01 2.736953812866462776e-01
7.560820957964042854e-02 4.006716704104503757e-01 5.237201200099091958e-01
5.608582269941986276e-02 5.201953442818052498e-01 4.237188330187748875e-01
4.806666206791780915e-01 3.017579449053968688e-01 2.175754344154250397e-01
2.958630577137373319e-01 2.112143553231488058e-01 4.929225869631138623e-01
1.303765711554882856e-02 4.606971162934142550e-01 5.262652265910369165e-01
5.791910575403980133e-02 6.797864978364513977e-01 2.622943964095088010e-01
2.616032020493843646e-01 5.863693092797207518e-01 1.520274886708948836e-01
4.450435789287964239e-01 4.344957943954008694e-02 5.115068416316634892e-01
3.788674784835788234e-02 1.535107877350488925e-01 8.086024644165932251e-01
2.295266726459473938e-01 2.149513057109019298e-01 5.555220216431506763e-01
8.501316933151215061e-02 9.049898799291680174e-01 9.996950739319832024e-03
6.969553687831361311e-01 1.247905737870681486e-01 1.782540574297957203e-01
3.600639840721425733e-01 1.758248646793474368e-01 4.641111512485099899e-01
4.435372996447073390e-02 5.484937692100032569e-01 4.071525008255260092e-01
2.176054117935288801e-01 6.066470007299333833e-01 1.757475874765377366e-01
1.356505841657383860e-01 4.694279317095577664e-01 3.949214841247038477e-01
1.313056347351230224e-01 4.061191275341536899e-01 4.625752377307232877e-01
5.793744507371304531e-01 6.062953703744844436e-02 3.599960122254211026e-01
1.991811854465396214e-01 4.682726484063590711e-01 3.325461661471013075e-01
2.051323904519601893e-01 5.340927289430911218e-01 2.607748806049486889e-01
2.427064893114776467e-01 5.116511159590886315e-01 2.456423947294337218e-01
9.164642178538195960e-02 3.264974054197989917e-01 5.818561727948190487e-01
3.216126479452693365e-01 4.876113402233754890e-01 1.907760118313551745e-01
1.223287559959110871e-01 2.625108033693042131e-01 6.151604406347846998e-01
2.148555041427536727e-01 2.569196918869572910e-01 5.282248039702890363e-01
9.439824624756676386e-03 3.550264798617418505e-01 6.355336955135014732e-01
1.296638186876761800e-01 3.150039104112956068e-02 8.388357902711942593e-01
4.392533020372961783e-01 3.440032166839694927e-01 2.167434812787343290e-01
2.524595368296330689e-01 2.712806808133616521e-02 7.204123950890307659e-01
6.471285151609089681e-01 2.759142442545760021e-01 7.695724058451502980e-02
4.816878540848310575e-01 5.147399781185977297e-01 3.572167796571212861e-03
3.296653369076130158e-02 5.440079335705103603e-01 4.230255327387283382e-01
9.847116496783009376e-01 6.727536334441230892e-03 8.560813987257831492e-03
2.390877543608520561e-01 4.384386862135180030e-01 3.224735594256299409e-01
6.972626315783383433e-01 4.024439405442226114e-02 2.624929743672393956e-01
4.898718753889365063e-01 6.657501125307974110e-02 4.435531133579837526e-01
4.333814316545662182e-01 1.404144643599283260e-01 4.262041039855054558e-01
6.986818892866876185e-01 7.067258751261606964e-02 2.306455232006963119e-01
1.847286284970585113e-01 4.652740242221735656e-01 3.499973472807679231e-01
3.200064869912855325e-01 5.226812031206202747e-01 1.573123098880941928e-01
2.793204427404005763e-01 4.112450635584852243e-03 7.165671066240145715e-01
5.042180616713294317e-01 2.007786152050334838e-01 2.950033231236370845e-01
7.081047929533426100e-01 5.689461873422385629e-02 2.350005883124335337e-01
4.552351967079848460e-02 3.109300403609324137e-01 6.435464399682691017e-01
5.578450973117855538e-01 1.445299405311007979e-01 2.976249621571136483e-01
6.647580343023151705e-01 2.802973481239550146e-01 5.494461757372981481e-02
2.770051520279624979e-01 6.492542675721046930e-01 7.374058039993280911e-02
1.358213945982537085e-01 6.355568811764165105e-01 2.286217242253297810e-01
6.317651596198267105e-01 5.970416644530884831e-02 3.085306739348644411e-01
6.671644251406174675e-01 1.723043662843589674e-01 1.605312085750235651e-01
4.948906986970487143e-01 1.919546751836644916e-01 3.131546261192867942e-01
2.842989961024189327e-01 1.955565681980699910e-01 5.201444356995110763e-01
6.898163910540568988e-01 1.993959434054766167e-01 1.107876655404664845e-01
9.632451919618745251e-02 4.995360175739427255e-03 8.986801206280731202e-01
4.670881710155500022e-01 3.944547958170959712e-01 1.384570331673540267e-01
5.375709775347653485e-01 6.042482882426691848e-02 4.020041936409677330e-01
1.605674790106642602e-01 4.689531534632351839e-01 3.704793675261005559e-01
4.988382279966110389e-01 3.191612498882937521e-01 1.820005221150952091e-01
7.946950500895522129e-02 4.491496127830710838e-01 4.713808822079736949e-01
1.130527813740126453e-01 6.233450037382358699e-01 2.636022148877514848e-01
3.229365564353903206e-01 9.210121129985315847e-02 5.849622322647565209e-01
1.422874914424483439e-01 7.290027389144679848e-01 1.287097696430836713e-01
5.691184604392518498e-02 5.744549732338380954e-01 3.686331807222367196e-01
6.881493052577423164e-01 2.792410036849038990e-01 3.260969105735378459e-02
3.504624525082942199e-01 2.986192047522489013e-01 3.509183427394568788e-01
2.332295712329878201e-01 6.095134111607847238e-02 7.058190876509337075e-01
5.376468600279853405e-01 2.669475755896364433e-01 1.954055643823782162e-01
8.166030902951537662e-03 5.505963786167528129e-01 4.412375904802956494e-01
5.418328745139063818e-01 3.536309516437141642e-02 4.228040303217222018e-01
6.469036797387062165e-02 1.606421755652374106e-01 7.746674564608919678e-01
3.147961277199610164e-01 2.235231388609868475e-01 4.616807334190521361e-01
2.133859411017693386e-01 4.123042326169001903e-01 3.743098262813304711e-01
4.589480523302114090e-02 6.656672150130757970e-01 2.884379797539030621e-01
3.472299043116818806e-01 1.800272183298330386e-01 4.727428773584850807e-01
7.641268919067076837e-01 6.401366059181778922e-02 1.718594475014745271e-01
3.968742961211374487e-01 2.291509036599660432e-01 3.739748002188965081e-01
1.217262700656991381e-01 8.255357932152975753e-01 5.273793671900328661e-02
6.376999823163230774e-01 2.992910892178977100e-01 6.300892846577921258e-02
4.329058265667641292e-01 2.794569570194108676e-01 2.876372164138250032e-01
5.105470472497435352e-01 1.121770905232252202e-01 3.772758622270312445e-01
3.803481005772750834e-01 2.871801268409049923e-01 3.324717725818199243e-01
9.659344942445091675e-02 4.371560171511330584e-01 4.662505334244160249e-01
9.818057012267256134e-02 3.352820142158834393e-01 5.665374156614439993e-01
1.318860251531639438e-01 8.348154265189103862e-01 3.329854832792566999e-02
3.389427401888590596e-01 5.672184862167621855e-01 9.383877359437875487e-02
3.580578239728057222e-01 3.366421859823376384e-02 6.082779574289605140e-01
2.749267832060443562e-01 5.978737323462421926e-01 1.271994844477134512e-01
4.561890369109219412e-01 2.598230147764837294e-01 2.839879483125943294e-01
2.639029016907012970e-02 4.314393148955952828e-01 5.421703949353345875e-01
5.960173400291313150e-02 5.569469530067782115e-01 3.834513129903086570e-01
2.996491789438802122e-01 5.508650087627965375e-01 1.494858122933232503e-01
3.675817022556421287e-01 5.620977409285583537e-01 7.032055681579951756e-02
6.834702759704818220e-01 8.107549340842745700e-02 2.354542306210907210e-01
1.481044365743412472e-01 5.719828662376877926e-01 2.799126971879709602e-01
3.918114884636636486e-01 5.302945446401636787e-01 7.789396689617267278e-02
2.959492819316580370e-01 7.003455438673622524e-01 3.705174200979710619e-03
8.106236813002007935e-01 9.317442072748349791e-02 9.620189797231570861e-02
4.743173650188777790e-01 3.078283815837300486e-01 2.178542533973921724e-01
1.725380270685858974e-01 5.302325915554073621e-02 7.744387137758733664e-01
6.587747726168581286e-01 2.372887615674628137e-01 1.039364658156790577e-01
7.512167734412292797e-01 2.478962297487443678e-01 8.869968100263525557e-04
4.329052220873023105e-01 4.365192762289350492e-01 1.305755016837626403e-01
4.383558756224321673e-01 2.125591994556498276e-01 3.490849249219180050e-01
6.165255989070602682e-01 1.211069826570265739e-01 2.623674184359131578e-01
2.074236273276824916e-01 1.637924590443022854e-01 6.287839136280152230e-01
1.928680540818638045e-01 7.093188493247766235e-01 9.781309659335957196e-02
7.499203772014106928e-01 1.067853976625434687e-01 1.432942251360458386e-01
1.802382926780446981e-01 5.873485970594806149e-01 2.324131102624746870e-01
3.172215243068547963e-01 6.277994065080347852e-01 5.497906918511041852e-02
3.199854295529316328e-01 5.906022075871827370e-01 8.941236285988563015e-02
7.659145445024039267e-01 1.830084717635477309e-01 5.107698373404834236e-02
4.055728157747794382e-01 1.164069840504176057e-01 4.780202001748029561e-01
3.215147566904452692e-02 1.164304284760835362e-01 8.514180958548719369e-01
3.089955512782216474e-02 5.476178354801873871e-01 4.214826093919904482e-01
3.639853638918311152e-02 1.627578051326812325e-01 8.008436584781356560e-01
1.511174207940835235e-01 2.736481939089763227e-01 5.752343852969401539e-01
4.526846565530195932e-02 4.923657241110490634e-01 4.623658102336489772e-01
3.482489179852530370e-01 1.570392677175069807e-03 6.501806893375718932e-01
2.888836786639689125e-01 2.139334642900447836e-02 6.897229749070266092e-01
1.399865399392464793e-01 3.337482455401860060e-01 5.262652145205675147e-01
5.722566555476734651e-01 8.547470444651661392e-02 3.422686400058099210e-01
3.614002535655104209e-01 2.472889778839610919e-01 3.913107685505284872e-01
4.237770354962034913e-01 5.159529378503912023e-01 6.027002665340530640e-02
3.913648600534551658e-01 2.660601901495569521e-01 3.425749497969878821e-01
1.364792003593037206e-01 2.387268452921955664e-01 6.247939543485007130e-01
8.601765782513870473e-01 4.243869789800325254e-02 9.738472385060970016e-02
5.449010017070825551e-01 1.915987502624395544e-01 2.635002480304778905e-01
8.008413425720960488e-01 1.134200707344843462e-01 8.573858669341960503e-02
5.009330453900419089e-01 4.370295673573049156e-01 6.203738725265317555e-02
1.217732627120101663e-01 6.975466081695312903e-01 1.806801291184585434e-01
5.099419938605370684e-01 3.086220511207193873e-01 1.814359550187435444e-01
3.397090489898271226e-01 6.589359084989270254e-01 1.355042511245851955e-03
2.360643949580225609e-01 4.015386652819401547e-01 3.623969397600372844e-01
2.599437153321659810e-02 4.866359896318395162e-02 9.253420295035994503e-01
7.558651326578768037e-01 1.148552435505602043e-01 1.292796237915629920e-01
5.387383318437440893e-01 3.048831965678221456e-01 1.563784715884337650e-01
9.055274803974190378e-01 5.830974334284377836e-02 3.616277625973718379e-02
6.219867108494796515e-01 5.134589590552185445e-02 3.266673932449984941e-01
7.753838954914934467e-01 1.282279618991506442e-01 9.638814260935590905e-02
5.991691874301958709e-01 2.810727427227069919e-01 1.197580698470971372e-01
3.251420133637137333e-01 6.760922310217831743e-02 6.072487635341079493e-01
1.094614349701328315e-02 2.156413290129058913e-01 7.734125274900808256e-01
1.457058102513575371e-02 8.152242123220100334e-01 1.702052066528542129e-01
3.361965479632755827e-01 2.887539220619053104e-01 3.750495299748191069e-01
4.193383460822264208e-01 1.390791634281584033e-01 4.415824904896151759e-01
2.900452750820694536e-01 1.352979927761795986e-01 5.746567321417509477e-01
4.799661236909090745e-01 3.894119561306267352e-01 1.306219201784641903e-01
8.780532941603080843e-02 1.617829443638570952e-01 7.504117262201120964e-01
4.590476253175227450e-01 5.238565761089096773e-01 1.709579857356757771e-02
2.529332728089295212e-02 7.143254705950641270e-01 2.603812021240429209e-01
7.191573531194850322e-02 5.880759778658637416e-01 3.400082868221877552e-01
3.825669052063672693e-01 1.171593364470733256e-01 5.002737583465594051e-01
3.150074280662863435e-01 5.482986407193857215e-02 6.301627078617750843e-01
2.728550308675146141e-01 6.412956979308941374e-01 8.584927120159124847e-02
2.172143416180318809e-01 7.620653427296366633e-01 2.072031565233145578e-02
4.169771150930573489e-01 2.059830429234486004e-01 3.770398419834940507e-01
7.090224635418961308e-01 1.998618428484983944e-01 9.111569360960547481e-02
4.203177328480365293e-01 4.552016413670723072e-01 1.244806257848911635e-01
7.906093198761103835e-01 9.196195185978162101e-02 1.174287282641079955e-01
7.781191755023805223e-01 3.418553810541713478e-02 1.876952863922023429e-01
2.270002069894662133e-01 7.098446287779301977e-01 6.315516423260358891e-02
4.455003236843492198e-01 4.930569207019430689e-02 5.051939842454564733e-01
2.534583519261148776e-01 2.867852807680107974e-01 4.597563673058743250e-01
4.241778437774395005e-01 3.492840115036808246e-01 2.265381447188796749e-01
3.098785653211567626e-01 3.839855159034537557e-01 3.061359187753894817e-01
4.482204593731164977e-02 6.568746486544499996e-01 2.983033054082383506e-01
1.679634791328958876e-01 1.186433710459509072e-01 7.133931498211532052e-01
7.290966683073960564e-01 1.787388413752657446e-01 9.216449031733819908e-02
3.881597411921571261e-01 4.648672068315797823e-01 1.469730519762630916e-01
2.145322806560789886e-01 6.432127408997255769e-01 1.422549784441954346e-01
3.118607583480538237e-01 3.139667560666299373e-01 3.741724855853162390e-01
9.359210124499084404e-02 4.373268765761747501e-01 4.690810221788344059e-01
7.472712942925251456e-01 2.125555185076910547e-01 4.017318719978379971e-02
4.077069851160151082e-01 1.790833431938274600e-01 4.132096716901574318e-01
9.005944014878908277e-02 5.000562088773385927e-01 4.098843509738723245e-01
3.025002853999245733e-01 1.701221020435019771e-01 5.273776125565734496e-01
5.733854793131653027e-01 3.102645758087556604e-01 1.163499448780790368e-01
6.609075075405568267e-01 3.192654660174116810e-01 1.982702644203149234e-02
1.543895475150036667e-02 7.858664890307089923e-01 1.986945562177906410e-01
3.221204768202949875e-01 2.625031161786229861e-01 4.153764070010820264e-01
1.456224587296823803e-01 6.624003352857995575e-01 1.919772059845180623e-01
5.736098902365726060e-01 3.844582649655348128e-01 4.193184479789258123e-02
7.771268336027303825e-01 1.854106398657808796e-01 3.746252653148873790e-02
1.037203500201268058e-01 2.192127277491684456e-02 8.743583772049563496e-01
5.629493101848903613e-03 7.621455350370750503e-01 2.322249718610760461e-01
1.225567200011720148e-01 2.315515919644038911e-01 6.458916880344240941e-01
2.240494366075417298e-01 1.733222816816750722e-01 6.026282817107831979e-01
8.770154149446394154e-01 2.861598426704503595e-02 9.436860078831554866e-02
4.837223311166716222e-01 2.069750066654897358e-01 3.093026622178386420e-01
7.210021382415281455e-01 2.275161518782631287e-02 2.562462465706455417e-01
7.007424697113840972e-01 1.883587548405294410e-01 1.108987754480864618e-01
1.150540494498683008e-01 3.677172673128058511e-01 5.172286832373258481e-01
1.915068758255762393e-01 7.757113419866683568e-01 3.278178218775540387e-02
3.072317896700705875e-01 4.303184201555592114e-01 2.624497901743702011e-01
1.509106155865562737e-01 7.973941422747002905e-01 5.169524213874343577e-02
4.588547852546631667e-02 4.160552731918071290e-01 5.380592482827265544e-01
3.196775326673256812e-01 5.425790159253193190e-01 1.377434514073549998e-01
4.945363056615825759e-02 1.456064961474794472e-01 8.049398732863622952e-01
1.698996602036376702e-01 4.746139746060162867e-01 3.554863651903460431e-01
1.385081547069992869e-01 8.518161563392536717e-01 9.675688953747041410e-03
1.173505383378993239e-01 1.470350808849064661e-01 7.356143807771942100e-01
1.370109523948818131e-01 7.188865802582574682e-01 1.441024673468607187e-01
7.725576595553972359e-01 4.536470291428928991e-02 1.820776375303134742e-01
4.484682223238611876e-01 5.173296465896078944e-01 3.420213108653091805e-02
7.895113397789683685e-01 1.588848213533383680e-01 5.160383886769326356e-02
1.632791828831551273e-01 5.939874859126635931e-01 2.427333312041812796e-01
2.789426615882431015e-01 5.828086966735522845e-01 1.382486417382046140e-01
8.766658562272500177e-02 3.543211763291375105e-01 5.580122380481374877e-01
4.990447837636130535e-01 3.057440148165477822e-01 1.952112014198391643e-01
8.651475871652973826e-01 4.116747917561214276e-02 9.368493365909047466e-02
9.067113221536526879e-03 5.219611962040707764e-01 4.689716905743926967e-01
6.751514476283384525e-01 8.561615565017866025e-02 2.392323967214828873e-01
1.811661947462670508e-01 6.579833116128769310e-01 1.608504936408560182e-01
2.758338093966505866e-01 5.241780019364183918e-01 1.999881886669310216e-01
4.494473346732290597e-01 1.844722856434848346e-01 3.660803796832861057e-01
3.584216185630273444e-02 9.104201768853470433e-02 8.731158204551625612e-01
2.419767445878696632e-01 4.956439281242622785e-01 2.623793272878680582e-01
4.324347502715306657e-01 1.043521592403248155e-01 4.632130904881445188e-01
3.225643262041253401e-01 1.051997214808734205e-01 5.722359523150012395e-01
1.841322659872508538e-01 4.492144693702553315e-01 3.666532646424938147e-01
4.195300692933093822e-01 2.577822784597196826e-01 3.226876522469709352e-01
4.167217524333280965e-01 4.318432387713294629e-01 1.514350087953424406e-01
7.390210856991696886e-02 6.652720621284472502e-01 2.608258293016357809e-01
3.390995424536076275e-01 2.046395525426638606e-01 4.562609050037285119e-01
1.579673796481281256e-01 2.891291271370247662e-01 5.529034932148471082e-01
1.536184724582682071e-01 3.345953354698995019e-01 5.117861920718322910e-01
6.392047333875674475e-01 2.142926569895573508e-01 1.465026096228752017e-01
7.253280643660642291e-01 1.984233327330733321e-01 7.624860290086243886e-02
3.387429254997951222e-01 7.238466678422583733e-02 5.888724077159790404e-01
6.145234209911086820e-01 1.319718181214873942e-01 2.535047608874039238e-01
4.860747124588463697e-01 1.871914928843512183e-01 3.267337946568024121e-01
1.522731607133657183e-01 1.528562794916129564e-01 6.948705597950213253e-01
4.822624647978257517e-02 3.664570483656641731e-01 5.853167051545532518e-01
3.596880615436748307e-01 1.319660025042257434e-02 6.271153382059025949e-01
3.191336215698807877e-01 6.225646255882412161e-01 5.830175284187799623e-02
4.079443263790710761e-01 4.461658480787945580e-01 1.458898255421343659e-01
8.815080287086910493e-01 3.716471102668361670e-02 8.132726026462533397e-02
3.096859837793342063e-02 5.364258569399293908e-01 4.326055446821371886e-01
7.950170023474530945e-01 9.001437494686870266e-02 1.149686227056782029e-01
3.982805633150287017e-01 2.242151890040766649e-01 3.775042476808946335e-01
3.058579376346083345e-01 2.886860610676021954e-01 4.054560012977894701e-01
4.380033808370800141e-01 1.650052726257322799e-02 5.454960919003467579e-01
7.716232976334234106e-01 6.846659980497460385e-02 1.599101025616019855e-01
3.007640544869927268e-02 9.080042388589694147e-01 6.191935569233131265e-02
3.661991234947183926e-01 2.096390105963544803e-01 4.241618659089271270e-01
2.699935291627506562e-01 3.485423670353571257e-02 6.951522341337136313e-01
2.331207979086779014e-01 6.303089458353128283e-02 7.038483075077908158e-01
2.056119370469433605e-01 5.224561672090248798e-01 2.719318957440317597e-01
1.382035452295273803e-01 5.167787641980314817e-02 8.101185783506694715e-01
1.981962037802079690e-01 6.430170889217369234e-01 1.587867072980551075e-01
6.762501243473245660e-01 1.506983348104473652e-01 1.730515408422280688e-01
8.481550134858281131e-01 1.303428906028490930e-01 2.150209591132279385e-02
6.396942620667831481e-01 2.323573515749541851e-01 1.279483863582626668e-01
5.105534605831342221e-01 2.052238241760020454e-01 2.842227152408637325e-01
3.216930893164300365e-01 6.243269944645579717e-02 6.158742112371141664e-01
1.156235428002080345e-01 4.043460568714994929e-01 4.800304003282924725e-01
3.513375558277898048e-02 8.166493395614666806e-01 1.482169048557543389e-01
4.469254091475248769e-01 2.606063280411099470e-01 2.924682628113651761e-01
5.093060954987393973e-01 1.987036030803467357e-01 2.919903014209138670e-01
8.181320117747983289e-01 9.108343630494764032e-02 9.078455192025403075e-02
2.512440051394634333e-01 6.061452095200448031e-02 6.881414739085320864e-01
1.784511091572626995e-02 5.204827207509176157e-01 4.616721683333561144e-01
1.680837911349097880e-02 4.987853800461600207e-01 4.844062408403490005e-01
6.126329004970847425e-01 5.102139100022029528e-02 3.363457085026949622e-01
3.251509830711954985e-01 1.620777619453173113e-01 5.127712549834871902e-01
8.276839979595266295e-01 2.821304077850439462e-02 1.441029612619689759e-01
4.996755482906288792e-01 3.944152349361756960e-01 1.059092167731954248e-01
1.739943290613329419e-01 3.061277248022772346e-01 5.198779461363898236e-01
1.386952641582559487e-01 7.778727423761342408e-01 8.343199346560981056e-02
1.816877541332060364e-01 3.861628132577494821e-01 4.321494326090444815e-01
2.010610767428797629e-01 1.455156701838724587e-01 6.534232530732477784e-01
6.939690800771169954e-03 9.807294954548928523e-02 8.949873596537395448e-01
4.165982932346682377e-01 2.283448276710711156e-01 3.550568790942606467e-01
7.325977196924804424e-02 5.748059510631747804e-01 3.519342769675771754e-01
3.625356693804460129e-02 5.488211922740434678e-01 4.149252407879119309e-01
9.148893665499224781e-02 6.775842314318667459e-01 2.309268319131410063e-01
6.588417012345142432e-01 2.221343048050125057e-01 1.190239939604732511e-01
4.802431955417399978e-01 4.469346002713039390e-01 7.282220418695606323e-02
3.844854778750050883e-02 4.774852046455319021e-01 4.840662475669675890e-01
1.783071381798425614e-01 5.972360912434460101e-02 7.619692526958128376e-01
6.776724308243614603e-01 1.524797357707694534e-01 1.698478334048690863e-01
7.544638992933754285e-01 5.216396790960509122e-02 1.933721327970194803e-01
4.015135831263050292e-02 5.417769190789518685e-01 4.180717226084176286e-01
1.558180624656672064e-01 7.464606202539638691e-01 9.772131728036892451e-02
5.488720707850905933e-01 2.834312011003775611e-01 1.676967281145318456e-01
3.338464785378626454e-01 1.513119898186129353e-01 5.148415316435244193e-01
4.525131378754387868e-02 3.265438920331026340e-01 6.282047941793534873e-01
2.703118361030489858e-01 2.834277670041869257e-01 4.462603968927640885e-01
