1.150545663897789561e-01 0.000000000000000000e+00 8.849454336102210439e-01
6.090665392794814004e-01 0.000000000000000000e+00 3.909334607205185996e-01
1.333909641859882811e-01 0.000000000000000000e+00 8.666090358140117189e-01
2.405896199653487777e-01 0.000000000000000000e+00 7.594103800346512223e-01
3.271390558111397784e-01 0.000000000000000000e+00 6.728609441888602216e-01
8.591374909485977041e-01 0.000000000000000000e+00 1.408625090514022959e-01
6.660902130980257407e-01 0.000000000000000000e+00 3.339097869019742593e-01
5.411622122834037762e-01 0.000000000000000000e+00 4.588377877165962238e-01
2.901382442436040154e-02 0.000000000000000000e+00 9.709861755756395985e-01
7.337482962802829300e-01 0.000000000000000000e+00 2.662517037197170700e-01
3.949500184310058559e-01 0.000000000000000000e+00 6.050499815689941441e-01
8.020471186286665111e-01 0.000000000000000000e+00 1.979528813713334889e-01
2.544211258598793046e-01 0.000000000000000000e+00 7.455788741401206954e-01
5.688493665115179621e-02 0.000000000000000000e+00 9.431150633488482038e-01
8.666486408992002399e-01 0.000000000000000000e+00 1.333513591007997601e-01
2.210289958843713043e-01 0.000000000000000000e+00 7.789710041156286957e-01
4.049894480472596703e-01 0.000000000000000000e+00 5.950105519527403297e-01
3.160964710182087023e-01 0.000000000000000000e+00 6.839035289817912977e-01
7.666269999644725885e-02 0.000000000000000000e+00 9.233373000035527411e-01
8.432246942297045855e-01 0.000000000000000000e+00 1.567753057702954145e-01
8.489391477448614554e-01 0.000000000000000000e+00 1.510608522551385446e-01
9.714650914353879507e-01 0.000000000000000000e+00 2.853490856461204928e-02
3.853769143951381038e-01 0.000000000000000000e+00 6.146230856048618962e-01
9.544881251086652085e-01 0.000000000000000000e+00 4.551187489133479147e-02
4.457583608397188701e-01 0.000000000000000000e+00 5.542416391602811299e-01
6.697246517218077289e-01 0.000000000000000000e+00 3.302753482781922711e-01
8.250004969715540870e-02 0.000000000000000000e+00 9.174999503028445913e-01
8.970985799815343054e-01 0.000000000000000000e+00 1.029014200184656946e-01
2.980035006887626903e-01 0.000000000000000000e+00 7.019964993112373097e-01
2.623048225963814373e-01 0.000000000000000000e+00 7.376951774036185627e-01
5.129549064456950802e-03 0.000000000000000000e+00 9.948704509355430492e-01
5.432025152804059731e-01 0.000000000000000000e+00 4.567974847195940269e-01
4.755963670072531624e-01 0.000000000000000000e+00 5.244036329927468376e-01
6.363736775715226335e-01 0.000000000000000000e+00 3.636263224284773665e-01
9.782041340820061270e-01 0.000000000000000000e+00 2.179586591799387296e-02
9.086627578310877418e-01 0.000000000000000000e+00 9.133724216891225822e-02
9.101530757801565841e-01 0.000000000000000000e+00 8.984692421984341593e-02
5.252556711071454387e-01 0.000000000000000000e+00 4.747443288928545613e-01
1.040189498547628988e-01 0.000000000000000000e+00 8.959810501452371012e-01
1.809145952579009897e-01 0.000000000000000000e+00 8.190854047420990103e-01
9.530402209867415708e-01 0.000000000000000000e+00 4.695977901325842918e-02
4.119529833863586621e-01 0.000000000000000000e+00 5.880470166136413379e-01
8.650171206071817220e-01 0.000000000000000000e+00 1.349828793928182780e-01
6.721772794761761149e-01 0.000000000000000000e+00 3.278227205238238851e-01
6.287857958821612137e-01 0.000000000000000000e+00 3.712142041178387863e-01
2.755587766489521195e-01 0.000000000000000000e+00 7.244412233510478805e-01
8.967472697408626070e-01 0.000000000000000000e+00 1.032527302591373930e-01
2.068913713433652157e-01 0.000000000000000000e+00 7.931086286566347843e-01
4.044052430754075944e-01 0.000000000000000000e+00 5.955947569245924056e-01
9.935724923941035014e-01 0.000000000000000000e+00 6.427507605896498610e-03
7.357270815071207393e-01 0.000000000000000000e+00 2.642729184928792607e-01
4.450614124896826729e-01 0.000000000000000000e+00 5.549385875103173271e-01
5.606631694437349545e-01 0.000000000000000000e+00 4.393368305562650455e-01
4.112554890866352286e-01 0.000000000000000000e+00 5.887445109133647714e-01
7.269879919679884672e-01 0.000000000000000000e+00 2.730120080320115328e-01
3.991968859040747608e-01 0.000000000000000000e+00 6.008031140959252392e-01
6.701451647023818348e-01 0.000000000000000000e+00 3.298548352976181652e-01
7.047156078805414392e-01 0.000000000000000000e+00 2.952843921194585608e-01
6.095598712590457602e-01 0.000000000000000000e+00 3.904401287409542398e-01
5.400344641816560154e-01 0.000000000000000000e+00 4.599655358183439846e-01
2.060818509133017784e-01 0.000000000000000000e+00 7.939181490866982216e-01
1.991614766227018940e-01 0.000000000000000000e+00 8.008385233772981060e-01
7.957388648160441669e-01 0.000000000000000000e+00 2.042611351839558331e-01
2.903327777707566115e-01 0.000000000000000000e+00 7.096672222292433885e-01
6.559628278238538446e-01 0.000000000000000000e+00 3.440371721761461554e-01
2.996167758070248377e-01 0.000000000000000000e+00 7.003832241929751623e-01
1.444783784228287349e-01 0.000000000000000000e+00 8.555216215771712651e-01
4.039566669804695032e-01 0.000000000000000000e+00 5.960433330195304968e-01
3.102695268445897492e-01 0.000000000000000000e+00 6.897304731554102508e-01
2.433980162809622483e-01 0.000000000000000000e+00 7.566019837190377517e-01
5.881040426583761249e-01 0.000000000000000000e+00 4.118959573416238751e-01
2.453432529633597925e-01 0.000000000000000000e+00 7.546567470366402075e-01
7.477706117928630825e-01 0.000000000000000000e+00 2.522293882071369175e-01
7.201466478542228877e-01 0.000000000000000000e+00 2.798533521457771123e-01
6.952608669550929266e-01 0.000000000000000000e+00 3.047391330449070734e-01
1.027427785732116794e-01 0.000000000000000000e+00 8.972572214267883206e-01
9.436424281842911155e-01 0.000000000000000000e+00 5.635757181570888452e-02
5.033396328927818297e-01 0.000000000000000000e+00 4.966603671072181703e-01
8.996736193674127469e-01 0.000000000000000000e+00 1.003263806325872531e-01
1.985798844363139137e-01 0.000000000000000000e+00 8.014201155636860863e-01
5.944491868184307304e-01 0.000000000000000000e+00 4.055508131815692696e-01
9.654085816772632889e-01 0.000000000000000000e+00 3.459141832273671113e-02
9.986982458966869869e-01 0.000000000000000000e+00 1.301754103313013111e-03
2.416862498054461739e-02 0.000000000000000000e+00 9.758313750194553826e-01
4.813033334553166176e-01 0.000000000000000000e+00 5.186966665446833824e-01
2.914226896736079597e-01 0.000000000000000000e+00 7.085773103263920403e-01
6.372056831731454096e-02 0.000000000000000000e+00 9.362794316826854590e-01
5.696243989430589405e-01 0.000000000000000000e+00 4.303756010569410595e-01
5.083284699214041247e-03 0.000000000000000000e+00 9.949167153007859588e-01
6.112775896700216594e-01 0.000000000000000000e+00 3.887224103299783406e-01
8.701814770345894789e-01 0.000000000000000000e+00 1.298185229654105211e-01
8.836014649738892501e-01 0.000000000000000000e+00 1.163985350261107499e-01
9.543194831960383206e-01 0.000000000000000000e+00 4.568051680396167935e-02
7.398638198034741542e-01 0.000000000000000000e+00 2.601361801965258458e-01
1.847129575490887854e-01 0.000000000000000000e+00 8.152870424509112146e-01
4.346783210868052638e-01 0.000000000000000000e+00 5.653216789131947362e-01
8.858994955478733946e-01 0.000000000000000000e+00 1.141005044521266054e-01
2.550462803347964824e-01 0.000000000000000000e+00 7.449537196652035176e-01
4.433126947289840469e-01 0.000000000000000000e+00 5.566873052710159531e-01
6.169369758208951282e-01 0.000000000000000000e+00 3.830630241791048718e-01
1.033525108781544466e-01 0.000000000000000000e+00 8.966474891218455534e-01
4.901096610690625077e-01 0.000000000000000000e+00 5.098903389309374923e-01
4.470440243574691497e-02 0.000000000000000000e+00 9.552955975642530850e-01
3.116274693091507508e-01 0.000000000000000000e+00 6.883725306908492492e-01
7.520396863660250286e-01 0.000000000000000000e+00 2.479603136339749714e-01
7.154990865280647094e-01 0.000000000000000000e+00 2.845009134719352906e-01
9.415542437583169777e-01 0.000000000000000000e+00 5.844575624168302230e-02
7.768953667087694637e-01 0.000000000000000000e+00 2.231046332912305363e-01
2.152285149871862036e-01 0.000000000000000000e+00 7.847714850128137964e-01
9.049711806332505493e-01 0.000000000000000000e+00 9.502881936674945074e-02
5.522641470114035833e-01 0.000000000000000000e+00 4.477358529885964167e-01
8.448978875768562435e-01 0.000000000000000000e+00 1.551021124231437565e-01
9.224894837730405195e-01 0.000000000000000000e+00 7.751051622695948051e-02
8.289612789391418435e-01 0.000000000000000000e+00 1.710387210608581565e-01
3.941979979597263206e-01 0.000000000000000000e+00 6.058020020402736794e-01
5.981881365821266616e-01 0.000000000000000000e+00 4.018118634178733384e-01
4.326980795636001798e-01 0.000000000000000000e+00 5.673019204363998202e-01
6.941471357469508607e-01 0.000000000000000000e+00 3.058528642530491393e-01
4.846864896036264803e-01 0.000000000000000000e+00 5.153135103963735197e-01
1.282603415760732446e-01 0.000000000000000000e+00 8.717396584239267554e-01
6.443704966138136259e-01 0.000000000000000000e+00 3.556295033861863741e-01
2.047062161706552086e-01 0.000000000000000000e+00 7.952937838293447914e-01
7.449571255322295915e-01 0.000000000000000000e+00 2.550428744677704085e-01
1.056172064025826529e-01 0.000000000000000000e+00 8.943827935974173471e-01
7.309493723924753716e-03 0.000000000000000000e+00 9.926905062760752463e-01
3.344889915529323243e-01 0.000000000000000000e+00 6.655110084470676757e-01
9.692555038310558535e-01 0.000000000000000000e+00 3.074449616894414650e-02
7.009756894333043498e-01 0.000000000000000000e+00 2.990243105666956502e-01
4.136855347333363575e-01 0.000000000000000000e+00 5.863144652666636425e-01
1.207521705157874603e-01 0.000000000000000000e+00 8.792478294842125397e-01
6.036354435155366627e-02 0.000000000000000000e+00 9.396364556484463337e-01
7.262116737607751116e-01 0.000000000000000000e+00 2.737883262392248884e-01
9.054509843134735947e-01 0.000000000000000000e+00 9.454901568652640531e-02
1.602591793211893823e-02 0.000000000000000000e+00 9.839740820678810618e-01
5.841408307135868005e-01 0.000000000000000000e+00 4.158591692864131995e-01
7.286040502085514570e-01 0.000000000000000000e+00 2.713959497914485430e-01
2.921975442760081920e-01 0.000000000000000000e+00 7.078024557239918080e-01
5.227976163272436416e-01 0.000000000000000000e+00 4.772023836727563584e-01
8.148518862506176630e-01 0.000000000000000000e+00 1.851481137493823370e-01
5.963269801768656952e-01 0.000000000000000000e+00 4.036730198231343048e-01
3.785553394515698278e-01 0.000000000000000000e+00 6.214446605484301722e-01
7.755780549497093279e-02 0.000000000000000000e+00 9.224421945050290672e-01
4.869061762320863185e-01 0.000000000000000000e+00 5.130938237679136815e-01
4.681939060699251698e-01 0.000000000000000000e+00 5.318060939300748302e-01
1.815347567293505993e-01 0.000000000000000000e+00 8.184652432706494007e-01
7.013593446323718172e-02 0.000000000000000000e+00 9.298640655367628183e-01
5.084009321464064701e-01 0.000000000000000000e+00 4.915990678535935299e-01
3.318517348312780557e-01 0.000000000000000000e+00 6.681482651687219443e-01
2.144978203469144473e-01 0.000000000000000000e+00 7.855021796530855527e-01
9.465689421443623797e-02 0.000000000000000000e+00 9.053431057855637620e-01
8.379305286697169564e-01 0.000000000000000000e+00 1.620694713302830436e-01
3.551124704007644350e-01 0.000000000000000000e+00 6.448875295992355650e-01
8.267850722224131532e-01 0.000000000000000000e+00 1.732149277775868468e-01
2.596226923194500102e-02 0.000000000000000000e+00 9.740377307680549990e-01
2.239577153353100591e-03 0.000000000000000000e+00 9.977604228466468994e-01
9.244177513143665426e-01 0.000000000000000000e+00 7.558224868563345744e-02
6.739332510076218030e-01 0.000000000000000000e+00 3.260667489923781970e-01
9.948145801062083793e-01 0.000000000000000000e+00 5.185419893791620716e-03
4.795050214406678668e-01 0.000000000000000000e+00 5.204949785593321332e-01
1.591374965539813502e-01 0.000000000000000000e+00 8.408625034460186498e-01
9.522830527783961996e-01 0.000000000000000000e+00 4.771694722160380042e-02
1.660701735444968241e-01 0.000000000000000000e+00 8.339298264555031759e-01
3.692853070430535123e-01 0.000000000000000000e+00 6.307146929569464877e-01
9.345599838702747242e-01 0.000000000000000000e+00 6.544001612972527582e-02
8.164113622514768132e-02 0.000000000000000000e+00 9.183588637748523187e-01
4.539621146138821395e-01 0.000000000000000000e+00 5.460378853861178605e-01
8.872905916605033916e-01 0.000000000000000000e+00 1.127094083394966084e-01
3.194050602856374210e-01 0.000000000000000000e+00 6.805949397143625790e-01
9.626579377157111761e-01 0.000000000000000000e+00 3.734206228428882390e-02
9.973726003484885139e-01 0.000000000000000000e+00 2.627399651511486134e-03
4.860155240598712512e-01 0.000000000000000000e+00 5.139844759401287488e-01
3.212915884340131756e-01 0.000000000000000000e+00 6.787084115659868244e-01
9.734389980818435317e-01 0.000000000000000000e+00 2.656100191815646827e-02
9.987185363088856294e-01 0.000000000000000000e+00 1.281463691114370640e-03
4.452131001322439108e-01 0.000000000000000000e+00 5.547868998677560892e-01
4.474569544182738223e-02 0.000000000000000000e+00 9.552543045581726178e-01
4.470611234974133374e-01 0.000000000000000000e+00 5.529388765025866626e-01
7.101747997970562221e-01 0.000000000000000000e+00 2.898252002029437779e-01
6.260713276300421404e-01 0.000000000000000000e+00 3.739286723699578596e-01
6.706497702112507175e-01 0.000000000000000000e+00 3.293502297887492825e-01
9.719188598466923512e-01 0.000000000000000000e+00 2.808114015330764879e-02
6.619712408858358099e-01 0.000000000000000000e+00 3.380287591141641901e-01
9.145020235766321282e-02 0.000000000000000000e+00 9.085497976423367872e-01
5.897310102096278150e-01 0.000000000000000000e+00 4.102689897903721850e-01
2.115810064062675355e-01 0.000000000000000000e+00 7.884189935937324645e-01
7.950756349995634631e-01 0.000000000000000000e+00 2.049243650004365369e-01
3.503059822278524749e-01 0.000000000000000000e+00 6.496940177721475251e-01
5.024364776431563540e-01 0.000000000000000000e+00 4.975635223568436460e-01
7.035391461315919637e-01 0.000000000000000000e+00 2.964608538684080363e-01
1.716276759179384825e-01 0.000000000000000000e+00 8.283723240820615175e-01
6.010594411321878994e-01 0.000000000000000000e+00 3.989405588678121006e-01
1.600346107390583361e-01 0.000000000000000000e+00 8.399653892609416639e-01
8.265784013455914625e-01 0.000000000000000000e+00 1.734215986544085375e-01
3.327016284925181644e-01 0.000000000000000000e+00 6.672983715074818356e-01
5.466971866165930560e-01 0.000000000000000000e+00 4.533028133834069440e-01
8.307106046423381462e-01 0.000000000000000000e+00 1.692893953576618538e-01
9.690670621397735607e-01 0.000000000000000000e+00 3.093293786022643932e-02
3.275349776987573902e-01 0.000000000000000000e+00 6.724650223012426098e-01
8.837381961170587275e-02 0.000000000000000000e+00 9.116261803882941273e-01
9.634891237795806251e-01 0.000000000000000000e+00 3.651087622041937486e-02
9.893034436854585278e-01 0.000000000000000000e+00 1.069655631454147215e-02
9.190770870559952233e-01 0.000000000000000000e+00 8.092291294400477675e-02
8.504856900533321884e-01 0.000000000000000000e+00 1.495143099466678116e-01
4.936927425283941240e-01 0.000000000000000000e+00 5.063072574716058760e-01
4.686165581275846259e-01 0.000000000000000000e+00 5.313834418724153741e-01
5.589528061006031612e-01 0.000000000000000000e+00 4.410471938993968388e-01
1.069022048804679770e-01 0.000000000000000000e+00 8.930977951195320230e-01
8.987370913616552492e-01 0.000000000000000000e+00 1.012629086383447508e-01
6.151472074885722119e-01 0.000000000000000000e+00 3.848527925114277881e-01
9.920458144091397479e-01 0.000000000000000000e+00 7.954185590860252120e-03
6.925763974854249883e-01 0.000000000000000000e+00 3.074236025145750117e-01
3.547348517966123493e-01 0.000000000000000000e+00 6.452651482033876507e-01
1.734633597648232994e-01 0.000000000000000000e+00 8.265366402351767006e-01
4.616805770857079771e-02 0.000000000000000000e+00 9.538319422914292023e-01
3.267897050247824398e-01 0.000000000000000000e+00 6.732102949752175602e-01
3.557944263124923623e-01 0.000000000000000000e+00 6.442055736875076377e-01
4.793872100917948575e-01 0.000000000000000000e+00 5.206127899082051425e-01
6.589781248028837579e-01 0.000000000000000000e+00 3.410218751971162421e-01
8.594221175006189206e-02 0.000000000000000000e+00 9.140577882499381079e-01
2.964456118515941263e-01 0.000000000000000000e+00 7.035543881484058737e-01
2.034231358216800345e-01 0.000000000000000000e+00 7.965768641783199655e-01
6.521597372529599479e-01 0.000000000000000000e+00 3.478402627470400521e-01
5.771563694291081958e-01 0.000000000000000000e+00 4.228436305708918042e-01
6.818021364151930497e-01 0.000000000000000000e+00 3.181978635848069503e-01
2.169299712218709653e-01 0.000000000000000000e+00 7.830700287781290347e-01
2.226974834023565109e-02 0.000000000000000000e+00 9.777302516597643489e-01
3.897417391475943571e-02 0.000000000000000000e+00 9.610258260852405643e-01
4.567137896270566655e-01 0.000000000000000000e+00 5.432862103729433345e-01
8.776100975607924459e-01 0.000000000000000000e+00 1.223899024392075541e-01
5.391571858835078057e-01 0.000000000000000000e+00 4.608428141164921943e-01
5.254932831670179327e-01 0.000000000000000000e+00 4.745067168329820673e-01
5.442262757088847103e-01 0.000000000000000000e+00 4.557737242911152897e-01
5.164189777793826153e-01 0.000000000000000000e+00 4.835810222206173847e-01
8.863523595236566521e-01 0.000000000000000000e+00 1.136476404763433479e-01
4.101943985665063019e-01 0.000000000000000000e+00 5.898056014334936981e-01
8.195218069047165432e-01 0.000000000000000000e+00 1.804781930952834568e-01
8.322170043629618652e-01 0.000000000000000000e+00 1.677829956370381348e-01
5.941809916399295455e-01 0.000000000000000000e+00 4.058190083600704545e-01
1.984166787357297679e-01 0.000000000000000000e+00 8.015833212642702321e-01
7.753042791124397093e-01 0.000000000000000000e+00 2.246957208875602907e-01
5.431306395287882616e-03 0.000000000000000000e+00 9.945686936047121174e-01
5.274634353341922655e-02 0.000000000000000000e+00 9.472536564665807735e-01
5.811499182291094412e-01 0.000000000000000000e+00 4.188500817708905588e-01
2.519734488481998325e-01 0.000000000000000000e+00 7.480265511518001675e-01
2.641719373840786256e-01 0.000000000000000000e+00 7.358280626159213744e-01
4.401325478638207223e-02 0.000000000000000000e+00 9.559867452136179278e-01
8.968208668050090537e-01 0.000000000000000000e+00 1.031791331949909463e-01
5.574485338244116184e-01 0.000000000000000000e+00 4.425514661755883816e-01
2.360219318437106750e-02 0.000000000000000000e+00 9.763978068156289325e-01
5.726543775480000820e-01 0.000000000000000000e+00 4.273456224519999180e-01
7.030107802654859128e-01 0.000000000000000000e+00 2.969892197345140872e-01
7.147555699245914385e-01 0.000000000000000000e+00 2.852444300754085615e-01
4.460321566258232950e-01 0.000000000000000000e+00 5.539678433741767050e-01
4.250691522964457070e-01 0.000000000000000000e+00 5.749308477035542930e-01
2.766929799332701334e-01 0.000000000000000000e+00 7.233070200667298666e-01
9.444195424383057258e-01 0.000000000000000000e+00 5.558045756169427420e-02
7.894579079128150045e-01 0.000000000000000000e+00 2.105420920871849955e-01
9.918982324880373236e-01 0.000000000000000000e+00 8.101767511962676416e-03
9.079076845043029254e-01 0.000000000000000000e+00 9.209231549569707465e-02
4.074285346584416434e-01 0.000000000000000000e+00 5.925714653415583566e-01
4.367643858478628127e-01 0.000000000000000000e+00 5.632356141521371873e-01
6.235653795656029841e-01 0.000000000000000000e+00 3.764346204343970159e-01
3.242878653498014740e-01 0.000000000000000000e+00 6.757121346501985260e-01
3.258612372406155533e-02 0.000000000000000000e+00 9.674138762759384447e-01
1.644171604720621183e-01 0.000000000000000000e+00 8.355828395279378817e-01
5.563015988367380205e-01 0.000000000000000000e+00 4.436984011632619795e-01
5.370449041635610987e-01 0.000000000000000000e+00 4.629550958364389013e-01
9.718096955670810777e-01 0.000000000000000000e+00 2.819030443291892229e-02
5.316075639770653227e-01 0.000000000000000000e+00 4.683924360229346773e-01
6.674709846952675552e-01 0.000000000000000000e+00 3.325290153047324448e-01
2.712645315363219067e-01 0.000000000000000000e+00 7.287354684636780933e-01
3.929733194918253458e-01 0.000000000000000000e+00 6.070266805081746542e-01
7.022879894549427515e-02 0.000000000000000000e+00 9.297712010545057248e-01
4.438486747838502611e-01 0.000000000000000000e+00 5.561513252161497389e-01
1.988124210285128202e-01 0.000000000000000000e+00 8.011875789714871798e-01
6.259572079291453317e-02 0.000000000000000000e+00 9.374042792070854668e-01
7.933144967584554452e-01 0.000000000000000000e+00 2.066855032415445548e-01
1.404806285823797518e-01 0.000000000000000000e+00 8.595193714176202482e-01
8.931603744929894617e-01 0.000000000000000000e+00 1.068396255070105383e-01
1.825354764212008263e-01 0.000000000000000000e+00 8.174645235787991737e-01
8.109023491462804545e-01 0.000000000000000000e+00 1.890976508537195455e-01
8.768302826482839984e-01 0.000000000000000000e+00 1.231697173517160016e-01
8.865909730762511209e-03 0.000000000000000000e+00 9.911340902692374888e-01
6.174510762514591189e-01 0.000000000000000000e+00 3.825489237485408811e-01
8.098135903487484466e-01 0.000000000000000000e+00 1.901864096512515534e-01
9.279630636757116857e-01 0.000000000000000000e+00 7.203693632428831428e-02
5.830705315664364008e-01 0.000000000000000000e+00 4.169294684335635992e-01
7.835013507891661622e-01 0.000000000000000000e+00 2.164986492108338378e-01
5.046790159045362323e-01 0.000000000000000000e+00 4.953209840954637677e-01
5.786960248673310714e-01 0.000000000000000000e+00 4.213039751326689286e-01
2.356536472419555883e-01 0.000000000000000000e+00 7.643463527580444117e-01
4.281531002222189741e-01 0.000000000000000000e+00 5.718468997777810259e-01
6.500990623503186683e-01 0.000000000000000000e+00 3.499009376496813317e-01
2.824408442832903043e-01 0.000000000000000000e+00 7.175591557167096957e-01
4.385033012820498399e-01 0.000000000000000000e+00 5.614966987179501601e-01
9.449025946278973853e-01 0.000000000000000000e+00 5.509740537210261468e-02
1.068902960749319453e-01 0.000000000000000000e+00 8.931097039250680547e-01
4.006252731706491099e-01 0.000000000000000000e+00 5.993747268293508901e-01
7.948278934645034433e-01 0.000000000000000000e+00 2.051721065354965567e-01
1.028001407007034240e-01 0.000000000000000000e+00 8.971998592992965760e-01
5.535894741045810363e-01 0.000000000000000000e+00 4.464105258954189637e-01
3.508994014535081751e-01 0.000000000000000000e+00 6.491005985464918249e-01
5.285240711799340518e-01 0.000000000000000000e+00 4.714759288200659482e-01
3.284006929261069629e-01 0.000000000000000000e+00 6.715993070738930371e-01
7.660902741195174670e-02 0.000000000000000000e+00 9.233909725880482533e-01
8.947240789124341065e-01 0.000000000000000000e+00 1.052759210875658935e-01
9.835750694534877159e-01 0.000000000000000000e+00 1.642493054651228412e-02
4.259948175048255958e-01 0.000000000000000000e+00 5.740051824951744042e-01
7.052203515586356053e-01 0.000000000000000000e+00 2.947796484413643947e-01
4.214131202211519600e-01 0.000000000000000000e+00 5.785868797788480400e-01
7.632993604728555148e-01 0.000000000000000000e+00 2.367006395271444852e-01
7.975581977581797100e-01 0.000000000000000000e+00 2.024418022418202900e-01
3.079791985926565445e-01 0.000000000000000000e+00 6.920208014073434555e-01
4.342365441727358277e-02 0.000000000000000000e+00 9.565763455827264172e-01
9.953562985931152518e-01 0.000000000000000000e+00 4.643701406884748195e-03
7.037824215571889530e-01 0.000000000000000000e+00 2.962175784428110470e-01
7.223856311440884914e-01 0.000000000000000000e+00 2.776143688559115086e-01
6.512462045495229779e-01 0.000000000000000000e+00 3.487537954504770221e-01
6.549172294897709357e-02 0.000000000000000000e+00 9.345082770510229064e-01
5.202584378358998674e-02 0.000000000000000000e+00 9.479741562164100133e-01
4.898642157815582543e-01 0.000000000000000000e+00 5.101357842184417457e-01
8.059430801034787040e-01 0.000000000000000000e+00 1.940569198965212960e-01
9.791177955736460881e-01 0.000000000000000000e+00 2.088220442635391194e-02
5.820545100470595479e-01 0.000000000000000000e+00 4.179454899529404521e-01
9.338953694699603236e-02 0.000000000000000000e+00 9.066104630530039676e-01
3.499251162543665084e-01 0.000000000000000000e+00 6.500748837456334916e-01
9.429104726892350019e-01 0.000000000000000000e+00 5.708952731076499809e-02
6.557637614625926314e-01 0.000000000000000000e+00 3.442362385374073686e-01
4.334470346712633315e-01 0.000000000000000000e+00 5.665529653287366685e-01
9.614253319507541917e-01 0.000000000000000000e+00 3.857466804924580828e-02
7.548251244408356042e-01 0.000000000000000000e+00 2.451748755591643958e-01
1.641371940990126177e-01 0.000000000000000000e+00 8.358628059009873823e-01
1.435790168586136284e-01 0.000000000000000000e+00 8.564209831413863716e-01
6.555132857187057072e-01 0.000000000000000000e+00 3.444867142812942928e-01
9.797403968555554732e-01 0.000000000000000000e+00 2.025960314444452681e-02
8.105138894799103211e-01 0.000000000000000000e+00 1.894861105200896789e-01
7.160104875976345262e-01 0.000000000000000000e+00 2.839895124023654738e-01
7.697407491562017201e-01 0.000000000000000000e+00 2.302592508437982799e-01
1.629158792656892896e-01 0.000000000000000000e+00 8.370841207343107104e-01
4.887480132732496818e-01 0.000000000000000000e+00 5.112519867267503182e-01
6.111575048259904053e-01 0.000000000000000000e+00 3.888424951740095947e-01
1.893565078535617285e-01 0.000000000000000000e+00 8.106434921464382715e-01
5.397014543564404576e-02 0.000000000000000000e+00 9.460298545643559542e-01
2.615525494692146902e-01 0.000000000000000000e+00 7.384474505307853098e-01
8.876176487813238758e-01 0.000000000000000000e+00 1.123823512186761242e-01
4.126169124479905914e-02 0.000000000000000000e+00 9.587383087552009409e-01
2.881826202117675484e-01 0.000000000000000000e+00 7.118173797882324516e-01
9.395936115328518135e-02 0.000000000000000000e+00 9.060406388467148187e-01
6.808419502822788960e-01 0.000000000000000000e+00 3.191580497177211040e-01
2.520219899181025403e-01 0.000000000000000000e+00 7.479780100818974597e-01
4.948549731592492007e-01 0.000000000000000000e+00 5.051450268407507993e-01
2.958190638646808202e-01 0.000000000000000000e+00 7.041809361353191798e-01
8.815598955113121971e-01 0.000000000000000000e+00 1.184401044886878029e-01
7.214746393941606772e-01 0.000000000000000000e+00 2.785253606058393228e-01
1.975222711039119616e-01 0.000000000000000000e+00 8.024777288960880384e-01
6.196121778462700957e-01 0.000000000000000000e+00 3.803878221537299043e-01
1.350935812772675604e-01 0.000000000000000000e+00 8.649064187227324396e-01
2.978314009614903002e-01 0.000000000000000000e+00 7.021685990385096998e-01
3.639500154548505062e-01 0.000000000000000000e+00 6.360499845451494938e-01
4.094098446872638242e-01 0.000000000000000000e+00 5.905901553127361758e-01
9.352283980774472871e-01 0.000000000000000000e+00 6.477160192255271287e-02
5.045270255823774974e-02 0.000000000000000000e+00 9.495472974417622503e-01
8.089871936208450354e-01 0.000000000000000000e+00 1.910128063791549646e-01
6.253613021669101046e-01 0.000000000000000000e+00 3.746386978330898954e-01
8.189792026548813331e-01 0.000000000000000000e+00 1.810207973451186669e-01
2.622295358535364773e-01 0.000000000000000000e+00 7.377704641464635227e-01
1.789757943467651380e-02 0.000000000000000000e+00 9.821024205653234862e-01
7.951015823403451144e-02 0.000000000000000000e+00 9.204898417659654886e-01
8.036256279633868793e-02 0.000000000000000000e+00 9.196374372036613121e-01
1.693090767705373034e-01 0.000000000000000000e+00 8.306909232294626966e-01
1.738501002000656381e-01 0.000000000000000000e+00 8.261498997999343619e-01
6.935591893591563917e-01 0.000000000000000000e+00 3.064408106408436083e-01
6.699704647853031991e-01 0.000000000000000000e+00 3.300295352146968009e-01
3.174495147393407990e-02 0.000000000000000000e+00 9.682550485260659201e-01
5.638471395152475640e-01 0.000000000000000000e+00 4.361528604847524360e-01
9.301411886700190479e-01 0.000000000000000000e+00 6.985881132998095211e-02
5.733004628113624879e-01 0.000000000000000000e+00 4.266995371886375121e-01
4.302216848437867558e-01 0.000000000000000000e+00 5.697783151562132442e-01
1.498250464172098395e-01 0.000000000000000000e+00 8.501749535827901605e-01
6.370130147747971039e-01 0.000000000000000000e+00 3.629869852252028961e-01
3.870518204672825924e-01 0.000000000000000000e+00 6.129481795327174076e-01
3.007550980618067804e-01 0.000000000000000000e+00 6.992449019381932196e-01
1.160727398747161132e-01 0.000000000000000000e+00 8.839272601252838868e-01
3.018234727748290158e-01 0.000000000000000000e+00 6.981765272251709842e-01
1.697153253973724407e-01 0.000000000000000000e+00 8.302846746026275593e-01
3.460162288063604041e-01 0.000000000000000000e+00 6.539837711936395959e-01
1.892540282382439987e-01 0.000000000000000000e+00 8.107459717617560013e-01
6.646432124874532832e-01 0.000000000000000000e+00 3.353567875125467168e-01
8.245572068535996779e-01 0.000000000000000000e+00 1.754427931464003221e-01
7.576509266218073302e-01 0.000000000000000000e+00 2.423490733781926698e-01
4.194700978578348449e-01 0.000000000000000000e+00 5.805299021421651551e-01
2.436643671552717327e-01 0.000000000000000000e+00 7.563356328447282673e-01
5.691102433148206297e-01 0.000000000000000000e+00 4.308897566851793703e-01
8.981558378540636101e-01 0.000000000000000000e+00 1.018441621459363899e-01
7.413670733055466311e-01 0.000000000000000000e+00 2.586329266944533689e-01
6.929495453196173882e-01 0.000000000000000000e+00 3.070504546803826118e-01
3.747076052323620177e-01 0.000000000000000000e+00 6.252923947676379823e-01
1.763268615390352068e-01 0.000000000000000000e+00 8.236731384609647932e-01
1.706851169773214716e-01 0.000000000000000000e+00 8.293148830226785284e-01
9.932526988409444701e-01 0.000000000000000000e+00 6.747301159055529851e-03
1.640315877838709469e-01 0.000000000000000000e+00 8.359684122161290531e-01
8.426721289290294292e-01 0.000000000000000000e+00 1.573278710709705708e-01
7.781038294063669092e-01 0.000000000000000000e+00 2.218961705936330908e-01
5.628000156635282192e-01 0.000000000000000000e+00 4.371999843364717808e-01
9.128311394611506868e-01 0.000000000000000000e+00 8.716886053884931318e-02
9.157683918216870111e-01 0.000000000000000000e+00 8.423160817831298885e-02
8.522659291494464329e-01 0.000000000000000000e+00 1.477340708505535671e-01
1.605638414629836364e-01 0.000000000000000000e+00 8.394361585370163636e-01
3.287612101228927219e-01 0.000000000000000000e+00 6.712387898771072781e-01
4.889339340511009713e-01 0.000000000000000000e+00 5.110660659488990287e-01
3.949218449021095756e-01 0.000000000000000000e+00 6.050781550978904244e-01
1.006770207377660764e-01 0.000000000000000000e+00 8.993229792622339236e-01
8.479900155714404919e-01 0.000000000000000000e+00 1.520099844285595081e-01
2.912660680024744542e-01 0.000000000000000000e+00 7.087339319975255458e-01
3.173224511187748842e-01 0.000000000000000000e+00 6.826775488812251158e-01
7.768396536334218894e-01 0.000000000000000000e+00 2.231603463665781106e-01
3.403115610398974589e-01 0.000000000000000000e+00 6.596884389601025411e-01
8.138628435490947721e-01 0.000000000000000000e+00 1.861371564509052279e-01
1.173081302677051463e-01 0.000000000000000000e+00 8.826918697322948537e-01
7.721242720070620180e-01 0.000000000000000000e+00 2.278757279929379820e-01
3.643792122472556683e-01 0.000000000000000000e+00 6.356207877527443317e-01
2.680833650407873359e-01 0.000000000000000000e+00 7.319166349592126641e-01
5.921208142463972868e-01 0.000000000000000000e+00 4.078791857536027132e-01
3.075699332831057786e-01 0.000000000000000000e+00 6.924300667168942214e-01
6.439071589877863877e-01 0.000000000000000000e+00 3.560928410122136123e-01
7.160436797515733476e-01 0.000000000000000000e+00 2.839563202484266524e-01
8.929526572911891114e-01 0.000000000000000000e+00 1.070473427088108886e-01
3.196964179443482212e-01 0.000000000000000000e+00 6.803035820556517788e-01
9.318808937909158763e-01 0.000000000000000000e+00 6.811910620908412373e-02
9.858266002659827887e-01 0.000000000000000000e+00 1.417339973401721132e-02
5.681549401539748301e-01 0.000000000000000000e+00 4.318450598460251699e-01
3.694125658345954744e-01 0.000000000000000000e+00 6.305874341654045256e-01
9.598641946081448717e-01 0.000000000000000000e+00 4.013580539185512830e-02
8.061192422326116658e-01 0.000000000000000000e+00 1.938807577673883342e-01
5.642773470366895250e-01 0.000000000000000000e+00 4.357226529633104750e-01
6.791583170534267744e-01 0.000000000000000000e+00 3.208416829465732256e-01
8.356961993580980241e-01 0.000000000000000000e+00 1.643038006419019759e-01
2.939716573968018665e-01 0.000000000000000000e+00 7.060283426031981335e-01
1.199306559112535142e-01 0.000000000000000000e+00 8.800693440887464858e-01
5.198492390262278162e-01 0.000000000000000000e+00 4.801507609737721838e-01
4.474681602470158559e-01 0.000000000000000000e+00 5.525318397529841441e-01
1.940244872705448875e-01 0.000000000000000000e+00 8.059755127294551125e-01
4.054467269200590085e-01 0.000000000000000000e+00 5.945532730799409915e-01
5.007725280226350550e-01 0.000000000000000000e+00 4.992274719773649450e-01
4.913255856623297557e-01 0.000000000000000000e+00 5.086744143376702443e-01
5.566603874756369530e-01 0.000000000000000000e+00 4.433396125243630470e-01
5.062257124072760961e-01 0.000000000000000000e+00 4.937742875927239039e-01
8.285106704661806543e-01 0.000000000000000000e+00 1.714893295338193457e-01
5.344547015935507961e-02 0.000000000000000000e+00 9.465545298406449204e-01
9.554199270500665087e-01 0.000000000000000000e+00 4.458007294993349134e-02
1.157308776972776343e-01 0.000000000000000000e+00 8.842691223027223657e-01
3.618577594687688581e-02 0.000000000000000000e+00 9.638142240531231142e-01
9.604734213052983360e-01 0.000000000000000000e+00 3.952657869470166396e-02
8.611293017605196054e-01 0.000000000000000000e+00 1.388706982394803946e-01
9.593564557885400079e-01 0.000000000000000000e+00 4.064354421145999208e-02
9.948599207631007024e-01 0.000000000000000000e+00 5.140079236899297577e-03
5.851396676003169928e-01 0.000000000000000000e+00 4.148603323996830072e-01
5.486828141412961601e-01 0.000000000000000000e+00 4.513171858587038399e-01
2.603290650058247557e-01 0.000000000000000000e+00 7.396709349941752443e-01
1.188870190906505808e-01 0.000000000000000000e+00 8.811129809093494192e-01
8.081790717870552809e-01 0.000000000000000000e+00 1.918209282129447191e-01
6.869635866783982969e-01 0.000000000000000000e+00 3.130364133216017031e-01
2.018194252087605056e-01 0.000000000000000000e+00 7.981805747912394944e-01
8.899351356126921075e-01 0.000000000000000000e+00 1.100648643873078925e-01
5.190344511784037440e-01 0.000000000000000000e+00 4.809655488215962560e-01
1.951174062776490636e-01 0.000000000000000000e+00 8.048825937223509364e-01
5.006825858672957485e-01 0.000000000000000000e+00 4.993174141327042515e-01
1.164926338921878912e-01 0.000000000000000000e+00 8.835073661078121088e-01
6.007901779854494251e-01 0.000000000000000000e+00 3.992098220145505749e-01
8.182539201858094469e-01 0.000000000000000000e+00 1.817460798141905531e-01
2.407697948551776879e-01 0.000000000000000000e+00 7.592302051448223121e-01
5.582134797242083168e-01 0.000000000000000000e+00 4.417865202757916832e-01
1.723470368769423056e-01 0.000000000000000000e+00 8.276529631230576944e-01
7.926345225072629619e-01 0.000000000000000000e+00 2.073654774927370381e-01
2.976312708984156785e-01 0.000000000000000000e+00 7.023687291015843215e-01
9.697690758724124560e-01 0.000000000000000000e+00 3.023092412758754399e-02
5.704069782215772655e-01 0.000000000000000000e+00 4.295930217784227345e-01
3.964031251129503941e-01 0.000000000000000000e+00 6.035968748870496059e-01
5.752654654746013341e-01 0.000000000000000000e+00 4.247345345253986659e-01
1.406191306101212124e-02 0.000000000000000000e+00 9.859380869389878788e-01
7.980348343801249023e-01 0.000000000000000000e+00 2.019651656198750977e-01
6.117567310728464491e-01 0.000000000000000000e+00 3.882432689271535509e-01
9.105603246882842949e-01 0.000000000000000000e+00 8.943967531171570506e-02
9.485133640780651909e-01 0.000000000000000000e+00 5.148663592193480909e-02
8.109399085382897887e-01 0.000000000000000000e+00 1.890600914617102113e-01
7.951993947787416861e-02 0.000000000000000000e+00 9.204800605221258314e-01
9.803262622735131604e-01 0.000000000000000000e+00 1.967373772648683961e-02
7.412727068790910812e-01 0.000000000000000000e+00 2.587272931209089188e-01
7.263046187133537224e-01 0.000000000000000000e+00 2.736953812866462776e-01
3.828310626272156680e-01 0.000000000000000000e+00 6.171689373727843320e-01
7.560820957964042854e-02 0.000000000000000000e+00 9.243917904203595715e-01
4.762798799900908042e-01 0.000000000000000000e+00 5.237201200099091958e-01
5.608582269941986276e-02 0.000000000000000000e+00 9.439141773005801372e-01
5.762811669812251125e-01 0.000000000000000000e+00 4.237188330187748875e-01
7.824245655845749603e-01 0.000000000000000000e+00 2.175754344154250397e-01
4.806666206791780915e-01 0.000000000000000000e+00 5.193333793208219085e-01
5.070774130368861377e-01 0.000000000000000000e+00 4.929225869631138623e-01
2.958630577137373319e-01 0.000000000000000000e+00 7.041369422862626681e-01
1.303765711554882856e-02 0.000000000000000000e+00 9.869623428844511714e-01
4.737347734089630835e-01 0.000000000000000000e+00 5.262652265910369165e-01
7.377056035904911990e-01 0.000000000000000000e+00 2.622943964095088010e-01
5.791910575403980133e-02 0.000000000000000000e+00 9.420808942459601987e-01
8.479725113291051164e-01 0.000000000000000000e+00 1.520274886708948836e-01
2.616032020493843646e-01 0.000000000000000000e+00 7.383967979506156354e-01
4.450435789287964239e-01 0.000000000000000000e+00 5.549564210712035761e-01
4.884931583683365108e-01 0.000000000000000000e+00 5.115068416316634892e-01
1.913975355834067749e-01 0.000000000000000000e+00 8.086024644165932251e-01
3.788674784835788234e-02 0.000000000000000000e+00 9.621132521516421177e-01
4.444779783568493237e-01 0.000000000000000000e+00 5.555220216431506763e-01
2.295266726459473938e-01 0.000000000000000000e+00 7.704733273540526062e-01
9.900030492606801680e-01 0.000000000000000000e+00 9.996950739319832024e-03
8.501316933151215061e-02 0.000000000000000000e+00 9.149868306684878494e-01
6.969553687831361311e-01 0.000000000000000000e+00 3.030446312168638689e-01
8.217459425702042797e-01 0.000000000000000000e+00 1.782540574297957203e-01
5.358888487514900101e-01 0.000000000000000000e+00 4.641111512485099899e-01
3.600639840721425733e-01 0.000000000000000000e+00 6.399360159278574267e-01
4.435372996447073390e-02 0.000000000000000000e+00 9.556462700355292661e-01
5.928474991744739908e-01 0.000000000000000000e+00 4.071525008255260092e-01
8.242524125234622634e-01 0.000000000000000000e+00 1.757475874765377366e-01
2.176054117935288801e-01 0.000000000000000000e+00 7.823945882064711199e-01
1.356505841657383860e-01 0.000000000000000000e+00 8.643494158342616140e-01
6.050785158752961523e-01 0.000000000000000000e+00 3.949214841247038477e-01
5.374247622692767123e-01 0.000000000000000000e+00 4.625752377307232877e-01
1.313056347351230224e-01 0.000000000000000000e+00 8.686943652648769776e-01
5.793744507371304531e-01 0.000000000000000000e+00 4.206255492628695469e-01
6.400039877745788974e-01 0.000000000000000000e+00 3.599960122254211026e-01
1.991811854465396214e-01 0.000000000000000000e+00 8.008188145534603786e-01
6.674538338528986925e-01 0.000000000000000000e+00 3.325461661471013075e-01
7.392251193950513111e-01 0.000000000000000000e+00 2.607748806049486889e-01
2.051323904519601893e-01 0.000000000000000000e+00 7.948676095480398107e-01
2.427064893114776467e-01 0.000000000000000000e+00 7.572935106885223533e-01
7.543576052705662782e-01 0.000000000000000000e+00 2.456423947294337218e-01
9.164642178538195960e-02 0.000000000000000000e+00 9.083535782146180404e-01
